0 0.553125 0.8481481484375 0.5604166671875 0.85 0.5796875 0.8435185187500001 0.5869791671875 0.8351851859374999 0.5942708328124999 0.8203703703125 0.5958333328125 0.803703703125 0.5927083328125 0.7888888890625 0.5885416671875 0.7796296296875 0.5765625 0.76944444375 0.5541666671875001 0.7601851859375001 0.54375 0.7666666671875 0.5369791671875 0.7805555562500001 0.5364583328125 0.7925925921875 0.5401041671875 0.827777778125 0.5447916671875 0.8398148140625 0.553125 0.8481481484375
0 0.025 0.928703703125 0.0359375 0.934259259375 0.052604167187499995 0.9324074078125 0.0666666671875 0.921296296875 0.071875 0.9129629625 0.0744791671875 0.8601851859374999 0.0713541671875 0.853703703125 0.0380208328125 0.827777778125 0.0208333328125 0.83055555625 0.0098958328125 0.853703703125 0.0098958328125 0.86944444375 0.0151041671875 0.9037037031249999 0.0192708328125 0.91851851875 0.025 0.928703703125
0 0.3932291671875 0.9990740734375001 0.4088541671875 0.9416666671874999 0.41041666718750003 0.921296296875 0.4057291671875 0.9046296296874999 0.3895833328125 0.902777778125 0.3807291671875 0.897222221875 0.365625 0.897222221875 0.3515625 0.9055555562500001 0.3463541671875 0.9203703703125001 0.35 0.9574074078124999 0.3645833328125 0.9851851859374999 0.36875 1 0.3932291671875 0.9990740734375001
0 0.1145833328125 0.8083333328125001 0.12552083281249998 0.8166666671874999 0.1390625 0.8175925921875 0.1552083328125 0.7953703703125 0.1578125 0.7833333328125 0.1583333328125 0.74444444375 0.1536458328125 0.7259259265625 0.1536458328125 0.7083333328125 0.1510416671875 0.702777778125 0.1375 0.6990740734374999 0.1307291671875 0.709259259375 0.13125 0.7194444437499999 0.10052083281249999 0.725 0.0953125 0.7333333328125 0.0927083328125 0.7425925921875 0.0947916671875 0.772222221875 0.10052083281249999 0.7898148140625 0.1145833328125 0.8083333328125001
0 0.2869791671875 0.42870370312499995 0.28958333281250004 0.41203703750000004 0.2864583328125 0.3925925921875 0.25729166718749996 0.352777778125 0.2526041671875 0.3509259265625 0.25 0.35555555625 0.2453125 0.3851851859375 0.24739583281250002 0.4268518515625 0.2520833328125 0.440740740625 0.2770833328125 0.440740740625 0.2869791671875 0.42870370312499995
0 0.6338541671875 0.427777778125 0.6453125 0.434259259375 0.6682291671875 0.43240740781250003 0.675 0.42592592656250006 0.6817708328125 0.41111111093749997 0.6828125 0.3759259265625 0.6791666671875001 0.3648148140625 0.6723958328124999 0.3583333328125 0.6328125 0.3518518515625 0.621875 0.3601851859375 0.6171875 0.36944444375 0.6166666671875001 0.38240740781250004 0.61875 0.3925925921875 0.6265625 0.4166666671875 0.6338541671875 0.427777778125
0 0.5302083328125 0.746296296875 0.5333333328125 0.7416666671875001 0.5385416671875001 0.6990740734374999 0.5375 0.6824074078125 0.5338541671875 0.6731481484375 0.5135416671875 0.6759259265625001 0.4947916671875 0.66851851875 0.49114583281249996 0.6740740734374999 0.4890625 0.684259259375 0.49010416718750005 0.7111111109375 0.49791666718750005 0.727777778125 0.5182291671875 0.74444444375 0.5302083328125 0.746296296875
0 0.9333333328125001 0.6259259265625 0.940625 0.625 0.9536458328125 0.6138888890625 0.9604166671875 0.5990740734375 0.9645833328125001 0.5824074078125 0.9630208328125001 0.5666666671875 0.9588541671874999 0.5638888890625 0.9291666671875 0.565740740625 0.909375 0.5574074078125 0.9020833328125001 0.565740740625 0.9015625 0.5824074078125 0.9088541671874999 0.6111111109375 0.9125 0.6175925921875 0.9333333328125001 0.6259259265625
0 0.7463541671875 0.1925925921875 0.759375 0.1870370375 0.7755208328125 0.1481481484375 0.7817708328124999 0.1148148140625 0.7807291671875001 0.097222221875 0.765625 0.08055555625000001 0.7458333328125 0.075 0.7354166671875 0.0824074078125 0.7296875 0.1 0.7291666671875 0.15092592656249998 0.7317708328125 0.16851851874999998 0.7385416671875 0.1833333328125 0.7463541671875 0.1925925921875
0 0.2557291671875 0.1629629625 0.28854166718749996 0.15370370312499998 0.2916666671875 0.15 0.2953125 0.10833333281249999 0.29375 0.09074074062500001 0.290625 0.0824074078125 0.2776041671875 0.077777778125 0.2682291671875 0.08425925937499999 0.2526041671875 0.08333333281250001 0.2421875 0.0888888890625 0.23854166718749997 0.1 0.23854166718749997 0.1296296296875 0.24375 0.15370370312499998 0.24739583281250002 0.15925925937500002 0.2557291671875 0.1629629625
0 0.10833333281249999 0.225 0.10729166718750001 0.1851851859375 0.10364583281249999 0.177777778125 0.1 0.177777778125 0.0953125 0.1870370375 0.08072916718749999 0.1990740734375 0.0661458328125 0.22777777812500002 0.065625 0.24259259218749998 0.075 0.26203703749999996 0.1015625 0.2416666671875 0.10833333281249999 0.225
0 0.6692708328125 0.1648148140625 0.6755208328125 0.16388888906250001 0.6807291671875 0.1583333328125 0.684375 0.12407407343750002 0.6875 0.1129629625 0.6869791671875001 0.10092592656249999 0.684375 0.09351851875 0.671875 0.0888888890625 0.6557291671875001 0.09074074062500001 0.6432291671875 0.097222221875 0.6375 0.109259259375 0.6369791671875 0.12222222187500001 0.6395833328125 0.13703703750000001 0.6541666671875 0.1583333328125 0.6692708328125 0.1648148140625
0 0.9145833328125 0.26203703749999996 0.9223958328125 0.25833333281250004 0.9260416671874999 0.2509259265625 0.9296875 0.20277777812500003 0.9234375 0.190740740625 0.8744791671875 0.190740740625 0.86875 0.2009259265625 0.8661458328125 0.2166666671875 0.8661458328125 0.2416666671875 0.8729166671874999 0.2611111109375 0.8822916671875 0.2638888890625 0.9145833328125 0.26203703749999996